function [el]=table_el_th()
% fonction repertoriant l'ensemble des signatures partielles theoriques

    elA = [1 1 1 0 0 1 0; 1 1 0 0 1 1 0; 1 1 0 1 1 0 0;...
           1 0 0 0 0 1 0; 1 0 1 1 1 0 0; 1 0 0 1 1 1 0;...
           1 0 1 0 0 0 0; 1 0 0 0 1 0 0; 1 0 0 1 0 0 0; 1 1 1 0 1 0 0];

    elB = [1 0 1 1 0 0 0; 1 0 0 1 1 0 0; 1 1 0 0 1 0 0;...
           1 0 1 1 1 1 0; 1 1 0 0 0 1 0; 1 0 0 0 1 1 0;...
           1 1 1 1 0 1 0; 1 1 0 1 1 1 0; 1 1 1 0 1 1 0; 1 1 0 1 0 0 0];

    elC = [0 0 0 1 1 0 1; 0 0 1 1 0 0 1; 0 0 1 0 0 1 1;...
           0 1 1 1 1 0 1; 0 1 0 0 0 1 1; 0 1 1 0 0 0 1;...
           0 1 0 1 1 1 1; 0 1 1 1 0 1 1; 0 1 1 0 1 1 1; 0 0 0 1 0 1 1];

    el = [elA; elB; elC];

end